FLOOR 0
100101101011111110010110100101110011101010100
011111110101100010101001010010111111110011100111010
00010111100110011101010110101011011011111111000
0101010101011011010001011011011010
01000010110100101101001001011010
01010001011000010100001010
0100101101101000101101101001011000
000001011011001001010101101000
00101111001110101010001011011001111111001010
01010101110011101011100111010111001100101010010100
0101101101101111111101010100001011110011001110100
010101011011011010010110010101011010
01011000010110101010001011011000
010111100110011001100101100010100010100
10010110100101001010101101101000
010101011011000000010001011010

FLOOR 1
11001011101000101101001011100010100
0110010100101001010110011010000
00010100110010111010101101101001100
010111001010110110110100011011011011010
00001011101001011010011001011010
0110100010100010101100001010
00101101101000101101110100110100
000011001011010010101101101000
0010100110100110010110100011010
0101011010110000011001010010100
010111011101101010111000001010000
010101011101110110100101010111001011010
01010110001011101010100010110100
0110100001010010100110010100
01011010011011100010101011011101000
010101011101000011000001011010

FLOOR 2
011011010001111101010010100110100
001111100010100111110001111100000
00010100011011111100111110101111101000
010101111100111110111101101000101110111011111100
00001011111100011111011010001111101111010
010100010100011111000001111100
0011110111111011111000011110110111010010100
000001011101001111010101101000
00111110001111100001111101111100001111100
0101010100000011010011111000
011011101111101111110010100001010000
01010101111101110110100101011111001111101111010
011111000011110111010101000110111110100
011111000001111100011111000011111000
01111011010010100101010111011101000
0111110011011101000000001111101010

FLOOR 3
1001111110110110010010011011010111010101100100101100100
111011100110110010011111101001001011001001101100100111011100
100100100101011100111010101110110011111101111110101100100100
100101111111101011001101101101100100111011110111111101101101100
10011101110010010111011001110111011101100100100101101100
10011010110011101010101110011101011111101110111001001110111111110100
10010011011011010111001110101011011101100100101100100
100100100100100101110110010011011111111011011111110100100100
10010010110010011011001001001011011001001001111110100
1001101100110111101111111111111111111111111111111111111011101100100101100100
100101110111111101111110100101111011111111111111111111101111011001000111010
1001011110111011101111111011011001001011001011001011101100
10011111101001001001011101100101011001110101011101100100
10011011110111111111111111111111011101100100101011100111010101100100
100101110110010011111101001110111111110100101101110101100111010
100101100111111011011001001001001001001001001011101100

FLOOR 4
0111101101001110011110010100101001111011110011100
1100111001111000010100111100111001110011110011001100111000
111001100110010100110011110111110011100111100101101000
010101111001110011110010110101100110010111110111110111110011100
0011100111001011111001110011100111100111100111001110001011010
1100101011001100101110011001100111100111001110011100111001111000
00101111100111100111001110001011011111010010100
111001100110000101111101001010101101000
00111100111001110011110001110011100111100111100011100111001111000
010101010000111000111101110011001111001110011100
11001111011111011011111000101001110001010011001100
1100101010111110111110110111001100101010101111001111000
011110011100111000101111101010111001100011110110100
010101110011100011110011100111001111000111000111100111000
010110100101110011001010101111101111101000
11100111101110011110010111000111001100110000111001111011010

TOP ROWS
0000000000000000
0000000000000000
0000000000000000
10001100110011001110101001110111110111000110011001100111010100
0000000000000000